# Values for levels from J. Anderson (Apr 2011).
#
# Data describes charge levels at which CTE is evaluated.
#
# First row must be column names.
LEVEL
0
1
2
3
4
5
6
7
8
9
10
11
12
13
14
15
16
17
18
19
20
21
22
23
24
25
26
27
28
29
30
31
32
33
34
35
36
37
38
39
40
41
42
43
44
45
46
47
48
49
50
51
52
53
54
55
56
57
58
59
60
62
64
66
68
70
72
74
76
78
80
82
84
86
88
90
92
94
96
98
100
102
104
106
108
110
112
114
116
118
120
122
124
126
128
130
132
134
136
138
140
143
146
149
152
155
158
161
164
167
170
173
176
179
182
185
188
191
194
197
200
204
208
212
216
220
224
228
232
236
240
244
248
252
256
260
264
268
272
276
280
284
288
292
296
300
305
310
315
320
325
330
335
340
345
350
355
360
365
370
375
380
385
390
395
400
405
410
415
420
425
430
435
440
445
450
455
460
465
470
475
480
485
490
495
500
510
520
530
540
550
560
570
580
590
600
610
620
630
640
650
660
670
680
690
700
720
740
760
780
800
820
840
860
880
900
920
940
960
980
1000
1025
1050
1075
1100
1150
1200
1250
1300
1350
1400
1450
1500
1550
1600
1650
1700
1750
1800
1850
1900
1950
2000
2100
2200
2300
2400
2500
2600
2700
2800
2900
3000
3200
3400
3600
3800
4000
4200
4400
4600
4800
5000
5500
6000
6500
7000
7500
8000
8500
9000
9500
10000
11000
12000
13000
14000
15000
16000
17000
18000
19000
20000
23000
26000
30000
34000
38000
42000
46000
50000
55000
60000
66000
70000
76000
83000
91000
