# Values for levels from J. Anderson (Apr 2011).
#
# Data describes charge levels at which CTE is evaluated.
#
# First row must be column names.
LEVEL
00000 
00001 
00002 
00003
00004
00005
00006
00007
00008 
00009
00010
00012
00014
00015
00016
00018 
00020
00023
00026
00030
00034
00038
00042
00046
00050
00055
00060
00066
00070
00076
00083
00091
00100
00110
00120
00130
00140
00150
00160
00170
00180
00200
00230
00260
00300
00340
00380
00420
00460
00500
00550
00600
00660
00700
00760
00830
00910
01000
01100
01200
01300
01400
01500
01600
01700
01800
02000
02300
02600
03000
03400
03800
04200
04600
05000
05500
06000
06600
07000
07600
08300
09100
10000
11000
12000
13000
14000
15000
16000
17000
18000
20000
23000
26000
30000
34000
38000
42000
46000
50000
55000
60000
66000
70000
76000
83000
91000
